Insertion Sort-----------

  n: 	  [22, 27, 16,  2, 18,  6]
  n-1:  [22, 16, 27,  2, 18,  6]
  n-2:  [16, 22, 27,  2, 18,  6]
  n-3:  [16, 22,  2, 27, 18,  6]
  n-4:  [16,  2, 22, 27, 18,  6]
  n-5:  [ 2, 16, 22, 27, 18,  6]
  n-6:  [ 2, 16, 22, 18, 27,  6]
  n-7:  [ 2, 16, 18, 22, 27,  6]
  n-8:  [ 2, 16, 18, 22, 27,  6]
  n-9:  [ 2, 16, 18, 22,  6, 27]
  n-10: [ 2, 16, 18,  6, 22, 27]
  n-11: [ 2, 16,  6, 18, 22, 27]
  n-12: [ 2,  6, 16, 18, 22, 27]
  
  Big O Notation: O(n^2)
  
  Bu dizide 18 say覺s覺 Average Case kapsam覺ndad覺r.


Selection Sort-----------

  n: 	  [ 7,  3,  5,  8,  2,  9,  4,  15,  6]
  n-1:  [ 7,  3,  5,  8,  2,  9,  4,   6, 15]
  n-2:  [ 7,  3,  5,  8,  2,  6,  4,   9, 15]
  n-3:  [ 7,  3,  5,  4,  2,  6,  8,   9, 15]
  n-4:  [ 6,  3,  5,  4,  2,  7,  8,   9, 15]
